void 119 1
main 800 1
( 203 1
) 204 1
{ 301 2
int 103 3
a 800 3
= 233 3
1 500 3
, 244 3
b 800 3
, 244 3
c 800 3
, 244 3
d 800 3
, 244 3
g 800 3
, 244 3
f 800 3
, 244 3
i 800 3
; 303 3
a 800 4
= 233 4
3 500 4
+ 218 4
7 500 4
* 216 4
9 500 4
, 244 4
b 800 4
= 233 4
88 500 4
* 216 4
90 500 4
- 219 4
12 500 4
, 244 4
c 800 4
= 233 4
12 500 4
- 219 4
6 500 4
; 303 4
d 800 5
= 233 5
1 500 5
, 244 5
g 800 5
= 233 5
12 500 5
, 244 5
f 800 5
= 233 5
34 500 5
; 303 5
for 124 6
( 203 6
i 800 6
= 233 6
0 500 6
; 303 6
i 800 6
< 224 6
100 500 6
; 303 6
i 800 6
++ 207 6
) 204 6
{ 301 7
if 120 8
( 203 8
a 800 8
> 222 8
b 800 8
|| 232 8
c 800 8
< 224 8
d 800 8
&& 231 8
g 800 8
> 222 8
f 800 8
) 204 8
{ 301 9
c 800 10
= 233 10
d 800 10
; 303 10
} 302 11
else 121 12
{ 301 13
b 800 14
= 233 14
b 800 14
+ 218 14
i 800 14
; 303 14
} 302 15
a 800 16
= 233 16
a 800 16
+ 218 16
i 800 16
; 303 16
while 126 17
( 203 17
a 800 17
< 224 17
100 500 17
) 204 17
{ 301 18
a 800 19
= 233 19
a 800 19
+ 218 19
1 500 19
; 303 19
} 302 20
} 302 21
b 800 22
= 233 22
a 800 22
; 303 22
} 302 23
# 100 23